0.23977297880524961 0.07669291193237893 1.0480848252874813
0.039540716246623475 0.31345852549406794 1.3126768932194848
0.7871278763554571 0.830823053799966 1.5367056860357242
0.8244090525746112 0.12325314118054309 0.8022440674174205
0.26395482712579077 0.6252459521231051 1.5906116662902878
0.025178600721972533 0.8615584319038525 1.861241467682496
0.6430124861369836 0.720917892733995 1.5212109708152712
0.1823812720702569 0.5966604324054442 1.5800750180533214
0.9365515776812898 0.4389160466117715 1.0314853607376406
0.9877465210202576 0.6950343184550316 1.2456067512424753
0.21867200741213522 0.25372844584414433 1.2299148418826404
0.7634378176768136 0.06206085904865111 0.7845242048670482
0.5723507319191429 0.3768719698310593 1.21750208973378
0.24799035627417854 0.22853288916789216 1.197940547801238
0.8542270123708863 0.8200997148347471 1.4769013024504125
0.6390226331394517 0.24148202362679771 1.0441610773524785
0.990626883601662 0.4365995458251223 0.9847652076515844
0.7730606696116481 0.831369584755236 1.5471462551395296
0.3403944549013336 0.9468112049284495 1.8894342514983813
0.9966178923679607 0.46097029077147333 1.004115446491755
0.4915764739630122 0.3443358558100953 1.2259256888509777
0.9009351509399084 0.28813599672335555 0.9090131644037917
0.6813324417908129 0.05585052130942336 0.8325847199536535
0.6511545285561563 0.914271537959121 1.709656101111786
0.13156037027307232 0.42369784126822563 1.41505625069749
0.9604047166109642 0.9088251835843829 1.4820135822606313
0.8833726204020009 0.4323122327106327 1.0668603485132877
0.7180447290282528 0.9169415998633152 1.670035166783045
0.7971415534689703 0.6042349985816747 1.3029893828714214
0.9473757799647371 0.06700298650237568 0.6508186518928408
0.08999340049979698 0.7306021681334366 1.726555494277246
0.7918115507164605 0.47259104401938845 1.1751483644859768
0.8012877856004607 0.8428266567168412 1.5386089877688303
0.9495755902456288 0.3191134773493194 0.9011417358899917
0.09289319693249587 0.73843384770302 1.7341223763826192
0.1093028647852734 0.6927337272691941 1.6867661140089352
0.3178791295580953 0.38811745762088723 1.3380178952505466
0.20672368719176049 0.7535400815751191 1.7322487257197072
0.5897135010068065 0.1869955493033283 1.0180955911717273
0.8420876581732533 0.8505829442438834 1.5164897564121935
0.17525920956323515 0.5892937432661298 1.5739751185955777
0.48230595834036216 0.023921449181857457 0.9098491710917923
0.933938722695849 0.6940551816064819 1.2887271761491528
0.81868347518182 0.5103394199349215 1.1935226073493808
0.25968617275632566 0.12481403889974274 1.0912846483252494
0.5902213879128058 0.5150504271339724 1.3458679142662282
0.8243191567224147 0.9087986465387091 1.5878555667718093
0.08886914744248564 0.4806302518524398 1.4766839874041897
0.7414184667554725 0.9302689202137242 1.6677802813608442
0.0662044204065213 0.686803170918321 1.6846124586153104
0.8768857655876581 0.22954643905045446 0.8690947512201648
0.759295108059142 0.11300907312488051 0.8383305189245268
0.5899288083316216 0.31629691989317654 1.1472772051570392
0.700815897430729 0.6810485371617787 1.4453648543753808
0.7964363359739631 0.22611081015198886 0.9253695062043353
0.7761929162822179 0.6169314283422868 1.3305172515688777
0.42231947325954544 0.6750793347267157 1.5872200302317505
0.3025532663225643 0.9682752502966637 1.9228540844525153
0.6977909214832345 0.44618975241226067 1.2124531997674177
0.40557533119623346 0.22135873718027088 1.140234290959616
0.21837189846758864 0.22327454233540978 1.1995259980802815
0.4347746596786216 0.8297934474198602 1.7367584274490278
0.6329750124303415 0.27522378864510255 1.0814950107630836
0.725308230138414 0.4712441247151925 1.219539112799415
0.9559545995642688 0.5413655633737865 1.1181948054378492
0.21430150875124065 0.01160918052846216 0.9887343577063115
0.8225147482917292 0.5769705522254508 1.25735095655635
0.8483814986295337 0.16815606953600137 0.8293542988272927
0.2590688811967118 0.16074384994658297 1.1273727816608972
0.424017161270823 0.5880491878715107 1.4994927255745405
0.7931348256555584 0.09183178185692042 0.7934468091059599
0.7994557709455986 0.2955893637904693 0.9926863759682543
0.4563997443920612 0.5230846984314106 1.4207297119273208
0.1486590707174703 0.6732263536094059 1.662196928502933
0.029047729010610812 0.05905689983417439 1.0586350442175347
0.3674316986732177 0.06590318849666144 0.9991561955814399
0.3473522474246109 0.6662441409097544 1.6065214684708016
0.7220988240508343 0.2761512113372532 1.0265713532109486
0.14423177075381455 0.9131707775431428 1.902787394723584
0.7156627374158157 0.5666266005997833 1.321285173824284
0.5787123193312103 0.02150098704371739 0.8586686231150701
0.03900576217294616 0.9281253709472093 1.927364742651327
0.5143500282410849 0.3147881680699638 1.1854008402542877
0.5371118540714646 0.05265193373506716 0.91184193556805
0.40988962051250744 0.07787525641093107 0.9950400719338486
0.4440858331383576 0.5493500981935824 1.4523538967080944
0.06585121340310662 0.7423109298278961 1.740143522070134
0.2508366047243734 0.765358610402955 1.7340637137421047
0.2496204615120956 0.4581918456743834 1.4271980969217144
0.7488925248075982 0.5946270306161789 1.332349120578089
0.5685443754688385 0.19987760049315983 1.0425631850982322
0.4762960852822635 0.837051297566948 1.7257505227923375
0.7664156186052896 0.08745598043351854 0.8078572471211883
0.44241801106763246 0.04493211033584055 0.948651203279202
0.24085925466905478 0.7495068208297744 1.720640190036915
0.4363216994866468 0.3529851205966562 1.259297393046225
0.8203420743542288 0.41407850666545887 1.0960495678053888
0.25008316604002423 0.6383267498967117 1.6072185926490175
0.44919096207678644 0.7279212584292967 1.628719969665601
0.7783345140046302 0.8164866271229996 1.5285704806360296
